2 0.5970588235294118 0.8678414096916299 0.611764705882353 0.8766519823788547 0.6147058823529412 0.8722466960352423 0.6147058823529412 0.8590308370044053 0.6411764705882353 0.8502202643171806 0.6411764705882353 0.8458149779735683 0.6176470588235294 0.8370044052863436 0.5941176470588235 0.8546255506607929 0.5970588235294118 0.8678414096916299
2 0.3029411764705882 0.8722466960352423 0.3088235294117647 0.8766519823788547 0.31176470588235294 0.8722466960352423 0.3205882352941177 0.8722466960352423 0.3235294117647059 0.8546255506607929 0.3205882352941177 0.8458149779735683 0.29411764705882354 0.8502202643171806 0.2911764705882353 0.8590308370044053 0.2852941176470588 0.8634361233480177 0.2823529411764706 0.8722466960352423 0.3029411764705882 0.8722466960352423
2 0.31176470588235294 0.8325991189427313 0.31176470588235294 0.8370044052863436 0.3411764705882353 0.8414096916299559 0.34411764705882353 0.8458149779735683 0.35 0.8414096916299559 0.35 0.8370044052863436 0.34705882352941175 0.8370044052863436 0.34411764705882353 0.8281938325991189 0.3382352941176471 0.8237885462555066 0.3058823529411765 0.8193832599118943 0.3029411764705882 0.8281938325991189 0.31176470588235294 0.8325991189427313
2 0.21470588235294116 0.9251101321585903 0.21764705882352942 0.933920704845815 0.22058823529411764 0.933920704845815 0.22058823529411764 0.9295154185022027 0.23529411764705882 0.9030837004405287 0.2323529411764706 0.8986784140969163 0.2323529411764706 0.8766519823788547 0.22941176470588234 0.8722466960352423 0.22941176470588234 0.8590308370044053 0.22647058823529412 0.8634361233480177 0.21764705882352942 0.9251101321585903 0.21470588235294116 0.9251101321585903
2 0.4852941176470588 0.8370044052863436 0.49411764705882355 0.8370044052863436 0.5 0.8325991189427313 0.5 0.8105726872246696 0.4852941176470588 0.8105726872246696 0.4852941176470588 0.8149779735682819 0.47941176470588237 0.8193832599118943 0.4764705882352941 0.8325991189427313 0.4852941176470588 0.8370044052863436
2 0.40588235294117647 0.07488986784140969 0.4147058823529412 0.07048458149779736 0.42058823529411765 0.06167400881057269 0.4088235294117647 0.05286343612334802 0.4088235294117647 0.048458149779735685 0.40294117647058825 0.048458149779735685 0.4 0.05726872246696035 0.40588235294117647 0.07488986784140969
2 0.5 0.7533039647577092 0.5176470588235295 0.748898678414097 0.5205882352941177 0.7444933920704846 0.5147058823529411 0.7400881057268722 0.5088235294117647 0.7444933920704846 0.49411764705882355 0.7400881057268722 0.49117647058823527 0.7444933920704846 0.5 0.7533039647577092
2 0.45588235294117646 0.11013215859030837 0.46176470588235297 0.11013215859030837 0.4647058823529412 0.10572687224669604 0.4588235294117647 0.09251101321585903 0.45 0.09251101321585903 0.45588235294117646 0.11013215859030837
2 0.6676470588235294 0.2643171806167401 0.6705882352941176 0.2687224669603524 0.6764705882352942 0.2599118942731278 0.6764705882352942 0.2511013215859031 0.6735294117647059 0.24669603524229075 0.6676470588235294 0.24669603524229075 0.6676470588235294 0.2643171806167401
2 0.5970588235294118 0.973568281938326 0.6 0.9691629955947136 0.5970588235294118 0.960352422907489 0.5882352941176471 0.9647577092511013 0.5823529411764706 0.973568281938326 0.5970588235294118 0.973568281938326
2 0.46176470588235297 0.06167400881057269 0.4647058823529412 0.06167400881057269 0.4647058823529412 0.04405286343612335 0.45588235294117646 0.04405286343612335 0.46176470588235297 0.06167400881057269
2 0.6735294117647059 0.32158590308370044 0.6735294117647059 0.3039647577092511 0.6705882352941176 0.3039647577092511 0.6676470588235294 0.31718061674008813 0.6735294117647059 0.32158590308370044
2 0.40294117647058825 0.8546255506607929 0.40588235294117647 0.8590308370044053 0.4088235294117647 0.8502202643171806 0.40294117647058825 0.8414096916299559 0.40294117647058825 0.8546255506607929
2 0.3058823529411765 0.933920704845815 0.31470588235294117 0.9383259911894273 0.3088235294117647 0.933920704845815 0.3088235294117647 0.9251101321585903 0.3 0.9251101321585903 0.3058823529411765 0.933920704845815
2 0.5529411764705883 0.18061674008810572 0.5617647058823529 0.18061674008810572 0.5588235294117647 0.17180616740088106 0.5529411764705883 0.1762114537444934 0.5529411764705883 0.18061674008810572
2 0.45544117647058824 0.4999118942731277 0.4438529411764707 0.9678414096916299